5.1 24.4207
5.10201 24.1009
5.10401 23.6821
5.10602 23.1613
5.10803 22.5354
5.11003 21.8013
5.11204 20.9561
5.11405 20.001
5.11605 18.9413
5.11806 17.7827
5.12007 16.531
5.12207 15.1919
5.12408 13.771
5.12609 12.2741
5.12809 10.7067
5.1301 9.07474
5.13211 7.38377
5.13411 5.6395
5.13612 3.84765
5.13813 2.0139
5.14013 0.143947
5.14214 -1.75651
5.14415 -3.68179
5.14615 -5.62619
5.14816 -7.58401
5.15017 -9.54957
5.15217 -11.5172
5.15418 -13.4811
5.15619 -15.4357
5.15819 -17.3752
5.1602 -19.294
5.16221 -21.1864
5.16421 -23.0466
5.16622 -24.8691
5.16823 -26.648
5.17023 -28.3777
5.17224 -30.0524
5.17425 -31.6666
5.17625 -33.2145
5.17826 -34.6904
5.18027 -36.0887
5.18227 -37.4035
5.18428 -38.6293
5.18629 -39.7603
5.18829 -40.7909
5.1903 -41.7153
5.19231 -42.5279
5.19431 -43.2229
5.19632 -43.7947
5.19833 -44.2376
5.20033 -44.5458
5.20234 -44.7137
5.20435 -44.7356
5.20635 -44.6058
5.20836 -44.3186
5.21037 -43.8683
5.21237 -43.2493
5.21438 -42.4557
5.21639 -41.482
5.21839 -40.3223
5.2204 -38.9712
5.22241 -37.4227
5.22441 -35.6748
5.22642 -33.7359
5.22843 -31.6162
5.23043 -29.3263
5.23244 -26.8764
5.23445 -24.277
5.23645 -21.5385
5.23846 -18.6712
5.24047 -15.6856
5.24247 -12.5919
5.24448 -9.40076
5.24649 -6.12238
5.24849 -2.76719
5.2505 0.654411
5.25251 4.13204
5.25452 7.65532
5.25652 11.2138
5.25853 14.7972
5.26054 18.3951
5.26254 21.9971
5.26455 25.5927
5.26656 29.1717
5.26856 32.7236
5.27057 36.238
5.27258 39.7046
5.27458 43.1129
5.27659 46.4526
5.2786 49.7133
5.2806 52.8846
5.28261 55.9561
5.28462 58.9174
5.28662 61.7581
5.28863 64.4679
5.29064 67.0363
5.29264 69.453
5.29465 71.7076
5.29666 73.7896
5.29866 75.6888
5.30067 77.3947
5.30268 78.8969
5.30468 80.185
5.30669 81.2487
5.3087 82.0775
5.3107 82.6611
5.31271 82.9891
5.31472 83.0511
5.31672 82.8367
5.31873 82.3355
5.32074 81.5371
5.32274 80.4312
5.32475 79.0073
5.32676 77.2551
5.32876 75.1642
5.33077 72.7241
5.33278 69.9246
5.33478 66.757
5.33679 63.2307
5.3388 59.3648
5.3408 55.1785
5.34281 50.6911
5.34482 45.9219
5.34682 40.8901
5.34883 35.615
5.35084 30.1159
5.35284 24.4119
5.35485 18.5224
5.35686 12.4666
5.35886 6.26382
5.36087 -0.0667611
5.36288 -6.50585
5.36488 -13.0342
5.36689 -19.6325
5.3689 -26.2816
5.3709 -32.9622
5.37291 -39.655
5.37492 -46.3407
5.37692 -53.0002
5.37893 -59.614
5.38094 -66.1631
5.38294 -72.6281
5.38495 -78.9898
5.38696 -85.2289
5.38896 -91.3262
5.39097 -97.2624
5.39298 -103.018
5.39498 -108.574
5.39699 -113.912
5.399 -119.011
5.401 -123.853
5.40301 -128.418
5.40502 -132.687
5.40702 -136.641
5.40903 -140.261
5.41104 -143.527
5.41304 -146.42
5.41505 -148.921
5.41706 -151.01
5.41906 -152.669
5.42107 -153.877
5.42308 -154.617
5.42508 -154.868
5.42709 -154.611
5.4291 -153.827
5.4311 -152.497
5.43311 -150.602
5.43512 -148.121
5.43712 -145.037
5.43913 -141.329
5.44114 -136.979
5.44314 -131.967
5.44515 -126.274
5.44716 -119.903
5.44916 -112.887
5.45117 -105.262
5.45318 -97.0639
5.45518 -88.3284
5.45719 -79.0916
5.4592 -69.3895
5.4612 -59.258
5.46321 -48.7329
5.46522 -37.8502
5.46722 -26.6459
5.46923 -15.1559
5.47124 -3.416
5.47324 8.53776
5.47525 20.6695
5.47726 32.9433
5.47926 45.3231
5.48127 57.7732
5.48328 70.2576
5.48528 82.7403
5.48729 95.1854
5.4893 107.557
5.4913 119.819
5.49331 131.936
5.49532 143.871
5.49732 155.59
5.49933 167.055
5.50134 178.231
5.50334 189.082
5.50535 199.573
5.50736 209.666
5.50936 219.327
5.51137 228.519
5.51338 237.206
5.51538 245.353
5.51739 252.924
5.5194 259.882
5.5214 266.191
5.52341 271.817
5.52542 276.722
5.52742 280.872
5.52943 284.229
5.53144 286.759
5.53344 288.424
5.53545 289.19
5.53746 289.02
5.53946 287.879
5.54147 285.73
5.54348 282.537
5.54548 278.265
5.54749 272.878
5.5495 266.339
5.55151 258.614
5.55351 249.665
5.55552 239.457
5.55753 227.971
5.55953 215.255
5.56154 201.377
5.56355 186.404
5.56555 170.403
5.56756 153.442
5.56957 135.587
5.57157 116.907
5.57358 97.4683
5.57559 77.3384
5.57759 56.5845
5.5796 35.274
5.58161 13.4742
5.58361 -8.74775
5.58562 -31.3244
5.58763 -54.1886
5.58963 -77.273
5.59164 -100.51
5.59365 -123.833
5.59565 -147.174
5.59766 -170.466
5.59967 -193.642
5.60167 -216.635
5.60368 -239.376
5.60569 -261.8
5.60769 -283.838
5.6097 -305.423
5.61171 -326.488
5.61371 -346.966
5.61572 -366.789
5.61773 -385.891
5.61973 -404.203
5.62174 -421.659
5.62375 -438.191
5.62575 -453.732
5.62776 -468.214
5.62977 -481.571
5.63177 -493.735
5.63378 -504.639
5.63579 -514.215
5.63779 -522.397
5.6398 -529.116
5.64181 -534.306
5.64381 -537.899
5.64582 -539.829
5.64783 -540.027
5.64983 -538.426
5.65184 -534.96
5.65385 -529.561
5.65585 -522.161
5.65786 -512.693
5.65987 -501.091
5.66187 -487.286
5.66388 -471.211
5.66589 -452.8
5.66789 -431.992
5.6699 -408.833
5.67191 -383.45
5.67391 -355.968
5.67592 -326.516
5.67793 -295.222
5.67993 -262.212
5.68194 -227.614
5.68395 -191.555
5.68595 -154.163
5.68796 -115.565
5.68997 -75.8887
5.69197 -35.2614
5.69398 6.18965
5.69599 48.3369
5.69799 91.053
5.7 134.211
