5 0
5.00669 0
5.01338 0
5.02007 0
5.02676 0
5.03344 0
5.04013 0
5.04682 0
5.05351 0
5.0602 0
5.06689 0
5.07358 0
5.08027 0
5.08696 0
5.09365 0
5.10033 0
5.10702 0
5.11371 0
5.1204 0
5.12709 0
5.13378 0
5.14047 0
5.14716 0
5.15385 0
5.16054 0
5.16722 0
5.17391 0
5.1806 0
5.18729 0
5.19398 0
5.20067 0
5.20736 0
5.21405 0
5.22074 0
5.22742 0
5.23411 0
5.2408 0
5.24749 0
5.25418 0
5.26087 0
5.26756 0
5.27425 0
5.28094 0
5.28763 0
5.29431 0
5.301 0
5.30769 0
5.31438 0
5.32107 0
5.32776 0
5.33445 0
5.34114 0
5.34783 0
5.35452 0
5.3612 0
5.36789 0
5.37458 0
5.38127 0
5.38796 0
5.39465 0
5.40134 0
5.40803 0
5.41472 0
5.4214 0
5.42809 0
5.43478 0
5.44147 0
5.44816 0
5.45485 0
5.46154 0
5.46823 0
5.47492 0
5.48161 0
5.48829 0
5.49498 0
5.50167 0
5.50836 0
5.51505 0
5.52174 0
5.52843 0
5.53512 0
5.54181 0
5.54849 0
5.55518 0
5.56187 0
5.56856 0
5.57525 0
5.58194 0
5.58863 0
5.59532 0
5.60201 0
5.6087 0
5.61538 0
5.62207 0
5.62876 0
5.63545 0
5.64214 0
5.64883 0
5.65552 0
5.66221 0
5.6689 0.414405
5.67559 26.5219
5.68227 142.141
5.68896 414.405
5.69565 910.449
5.70234 1697.4
5.70903 2842.41
5.71572 4412.59
5.72241 6475.09
5.7291 9097.03
5.73579 12345.6
5.74247 16287.8
5.74916 20990.9
5.75585 26521.9
5.76254 32948.1
5.76923 40336.6
5.77592 48754.4
5.78261 58251.9
5.7893 68718.1
5.79599 79952.6
5.80268 91754.1
5.80936 103921
5.81605 116252
5.82274 128546
5.82943 140601
5.83612 152216
5.84281 163189
5.8495 173320
5.85619 182406
5.86288 190247
5.86957 196640
5.87625 201385
5.88294 204280
5.88963 205124
5.89632 203807
5.90301 200483
5.9097 195355
5.91639 188622
5.92308 180487
5.92977 171152
5.93645 160816
5.94314 149683
5.94983 137953
5.95652 125827
5.96321 113508
5.9699 101196
5.97659 89092.8
5.98328 77400
5.98997 66318.8
5.99666 56050.6
6.00334 46791.4
6.01003 38608.1
6.01672 31439.3
6.02341 25217.8
6.0301 19876.6
6.03679 15348.4
6.04348 11566.1
6.05017 8462.59
6.05686 5970.77
6.06355 4023.48
6.07023 2553.58
6.07692 1493.95
6.08361 777.44
6.0903 336.927
6.09699 105.274
6.10368 15.3484
6.11037 0.0153484
6.11706 -7.85836
6.12375 -75.4064
6.13043 -269.763
6.13712 -658.061
6.14381 -1307.43
6.1505 -2285.02
6.15719 -3657.94
6.16388 -5493.34
6.17057 -7858.36
6.17726 -10820.1
6.18395 -14445.7
6.19064 -18802.4
6.19732 -23957.2
6.20401 -29977.2
6.2107 -36929.7
6.21739 -44881.8
6.22408 -53900.5
6.23077 -64053
6.23746 -75406.4
6.24415 -88028
6.25084 -101985
6.25753 -117344
6.26421 -134172
6.2709 -152538
6.27759 -172507
6.28428 -194146
6.29097 -217524
6.29766 -242707
6.30435 -269763
6.31104 -298757
6.31773 -329759
6.32441 -362834
6.3311 -398049
6.33779 -435473
6.34448 -475172
6.35117 -517213
6.35786 -561663
6.36455 -608590
6.37124 -658061
6.37793 -710142
6.38462 -764901
6.3913 -822405
6.39799 -882721
6.40468 -945917
6.41137 -1.01206e+06
6.41806 -1.08121e+06
6.42475 -1.15345e+06
6.43144 -1.22883e+06
6.43813 -1.30743e+06
6.44482 -1.38931e+06
6.45151 -1.47455e+06
6.45819 -1.56319e+06
6.46488 -1.65532e+06
6.47157 -1.751e+06
6.47826 -1.8503e+06
6.48495 -1.95329e+06
6.49164 -2.06002e+06
6.49833 -2.17058e+06
6.50502 -2.28502e+06
6.51171 -2.40341e+06
6.51839 -2.52583e+06
6.52508 -2.65233e+06
6.53177 -2.78299e+06
6.53846 -2.91787e+06
6.54515 -3.05703e+06
6.55184 -3.20056e+06
6.55853 -3.34851e+06
6.56522 -3.50095e+06
6.57191 -3.65794e+06
6.5786 -3.81956e+06
6.58528 -3.98588e+06
6.59197 -4.15695e+06
6.59866 -4.33285e+06
6.60535 -4.51364e+06
6.61204 -4.69939e+06
6.61873 -4.89017e+06
6.62542 -5.08604e+06
6.63211 -5.28708e+06
6.6388 -5.49334e+06
6.64548 -5.7049e+06
6.65217 -5.92183e+06
6.65886 -6.14418e+06
6.66555 -6.37204e+06
6.67224 -6.60545e+06
6.67893 -6.8445e+06
6.68562 -7.08925e+06
6.69231 -7.33976e+06
6.699 -7.59611e+06
6.70569 -7.85836e+06
6.71237 -8.12657e+06
6.71906 -8.40082e+06
6.72575 -8.68117e+06
6.73244 -8.96769e+06
6.73913 -9.26044e+06
6.74582 -9.5595e+06
6.75251 -9.86493e+06
6.7592 -1.01768e+07
6.76589 -1.04952e+07
6.77258 -1.08201e+07
6.77926 -1.11517e+07
6.78595 -1.149e+07
6.79264 -1.1835e+07
6.79933 -1.21869e+07
6.80602 -1.25457e+07
6.81271 -1.29115e+07
6.8194 -1.32844e+07
6.82609 -1.36643e+07
6.83278 -1.40514e+07
6.83946 -1.44457e+07
6.84615 -1.48474e+07
6.85284 -1.52564e+07
6.85953 -1.56729e+07
6.86622 -1.60969e+07
6.87291 -1.65285e+07
6.8796 -1.69677e+07
6.88629 -1.74146e+07
6.89298 -1.78694e+07
6.89967 -1.83319e+07
6.90635 -1.88024e+07
6.91304 -1.92808e+07
6.91973 -1.97673e+07
6.92642 -2.0262e+07
6.93311 -2.07648e+07
6.9398 -2.12758e+07
6.94649 -2.17952e+07
6.95318 -2.23229e+07
6.95987 -2.28591e+07
6.96656 -2.34039e+07
6.97324 -2.39572e+07
6.97993 -2.45191e+07
6.98662 -2.50898e+07
6.99331 -2.56693e+07
7 -2.62576e+07
