1 -1.41029e+08
1.0981 -1.31079e+08
1.1962 -1.21609e+08
1.29429 -1.12606e+08
1.39239 -1.04059e+08
1.49049 -9.59549e+07
1.58859 -8.82833e+07
1.68669 -8.10318e+07
1.78478 -7.41886e+07
1.88288 -6.77419e+07
1.98098 -6.16798e+07
2.07908 -5.59906e+07
2.17718 -5.06623e+07
2.27528 -4.56832e+07
2.37337 -4.10414e+07
2.47147 -3.67251e+07
2.56957 -3.27224e+07
2.66767 -2.90216e+07
2.76577 -2.56108e+07
2.86386 -2.24781e+07
2.96196 -1.96118e+07
3.06006 -1.7e+07
3.15816 -1.46309e+07
3.25626 -1.24927e+07
3.35435 -1.05734e+07
3.45245 -8.86138e+06
3.55055 -7.34469e+06
3.64865 -6.01153e+06
3.74675 -4.85006e+06
3.84484 -3.84847e+06
3.94294 -2.99492e+06
4.04104 -2.27758e+06
4.13914 -1.68461e+06
4.23724 -1.20419e+06
4.33534 -824494
4.43343 -533684
4.53153 -319931
4.62963 -171406
4.72773 -76277.8
4.82583 -22717.3
4.92392 1106.19
5.02202 7022.78
5.12012 6860.23
5.21822 8275.1
5.31632 8248.68
5.41441 9354.81
5.51251 9694.93
5.61061 10435.3
5.70871 11449.1
5.80681 12049.2
5.9049 13627.8
6.003 11807
6.1011 3142.2
6.1992 3730.1
6.2973 34268.1
6.3954 115454
6.49349 267984
6.59159 512557
6.68969 869870
6.78779 1.36062e+06
6.88589 2.00551e+06
6.98398 2.82522e+06
7.08208 3.84047e+06
7.18018 5.07194e+06
7.27828 6.54034e+06
7.37638 8.26636e+06
7.47447 1.02707e+07
7.57257 1.25741e+07
7.67067 1.51971e+07
7.76877 1.81606e+07
7.86687 2.14852e+07
7.96496 2.51916e+07
8.06306 2.93005e+07
8.16116 3.38326e+07
8.25926 3.88086e+07
8.35736 4.42492e+07
8.45546 5.01751e+07
8.55355 5.6607e+07
8.65165 6.35656e+07
8.74975 7.10715e+07
8.84785 7.91456e+07
8.94595 8.78084e+07
9.04404 9.70807e+07
9.14214 1.06983e+08
9.24024 1.17537e+08
9.33834 1.28761e+08
9.43644 1.40679e+08
9.53453 1.53309e+08
9.63263 1.66673e+08
9.73073 1.80791e+08
9.82883 1.95684e+08
9.92693 2.11373e+08
10.025 2.27879e+08
10.1231 2.45221e+08
10.2212 2.63422e+08
10.3193 2.82501e+08
10.4174 3.02479e+08
10.5155 3.23377e+08
10.6136 3.45216e+08
10.7117 3.68016e+08
10.8098 3.91798e+08
10.9079 4.16583e+08
11.006 4.42391e+08
11.1041 4.69244e+08
11.2022 4.97161e+08
11.3003 5.26164e+08
11.3984 5.56273e+08
11.4965 5.87509e+08
11.5946 6.19893e+08
11.6927 6.53444e+08
11.7908 6.88185e+08
11.8889 7.24136e+08
11.987 7.61317e+08
12.0851 7.99749e+08
12.1832 8.39453e+08
12.2813 8.80449e+08
12.3794 9.22759e+08
12.4775 9.66402e+08
12.5756 1.0114e+09
12.6737 1.05777e+09
12.7718 1.10554e+09
12.8699 1.15473e+09
12.968 1.20535e+09
13.0661 1.25743e+09
13.1642 1.31099e+09
13.2623 1.36605e+09
13.3604 1.42263e+09
13.4585 1.48075e+09
13.5566 1.54044e+09
13.6547 1.6017e+09
13.7528 1.66457e+09
13.8509 1.72906e+09
13.9489 1.7952e+09
14.047 1.863e+09
14.1451 1.93248e+09
14.2432 2.00367e+09
14.3413 2.07659e+09
14.4394 2.15126e+09
14.5375 2.2277e+09
14.6356 2.30592e+09
14.7337 2.38596e+09
14.8318 2.46783e+09
14.9299 2.55154e+09
15.028 2.63713e+09
15.1261 2.72461e+09
15.2242 2.81401e+09
15.3223 2.90534e+09
15.4204 2.99862e+09
15.5185 3.09388e+09
15.6166 3.19114e+09
15.7147 3.29041e+09
15.8128 3.39172e+09
15.9109 3.49509e+09
16.009 3.60054e+09
16.1071 3.70809e+09
16.2052 3.81776e+09
16.3033 3.92957e+09
16.4014 4.04354e+09
16.4995 4.15969e+09
16.5976 4.27805e+09
16.6957 4.39863e+09
16.7938 4.52145e+09
16.8919 4.64654e+09
16.99 4.77392e+09
17.0881 4.9036e+09
17.1862 5.03561e+09
17.2843 5.16997e+09
17.3824 5.3067e+09
17.4805 5.44581e+09
17.5786 5.58734e+09
17.6767 5.7313e+09
17.7748 5.87771e+09
17.8729 6.02659e+09
17.971 6.17796e+09
18.0691 6.33185e+09
18.1672 6.48827e+09
18.2653 6.64725e+09
18.3634 6.8088e+09
18.4615 6.97295e+09
18.5596 7.13972e+09
18.6577 7.30913e+09
18.7558 7.48119e+09
18.8539 7.65593e+09
18.952 7.83337e+09
19.0501 8.01354e+09
19.1481 8.19644e+09
19.2462 8.38211e+09
19.3443 8.57056e+09
19.4424 8.76181e+09
19.5405 8.95588e+09
19.6386 9.15281e+09
19.7367 9.35259e+09
19.8348 9.55526e+09
19.9329 9.76084e+09
20.031 9.96935e+09
20.1291 1.01808e+10
20.2272 1.03952e+10
20.3253 1.06126e+10
20.4234 1.08331e+10
20.5215 1.10565e+10
20.6196 1.1283e+10
20.7177 1.15126e+10
20.8158 1.17453e+10
20.9139 1.19811e+10
21.012 1.222e+10
21.1101 1.24621e+10
21.2082 1.27073e+10
21.3063 1.29558e+10
21.4044 1.32074e+10
21.5025 1.34623e+10
21.6006 1.37205e+10
21.6987 1.3982e+10
21.7968 1.42467e+10
21.8949 1.45148e+10
21.993 1.47862e+10
22.0911 1.50609e+10
22.1892 1.53391e+10
22.2873 1.56206e+10
22.3854 1.59056e+10
22.4835 1.6194e+10
22.5816 1.64859e+10
22.6797 1.67813e+10
22.7778 1.70802e+10
22.8759 1.73826e+10
22.974 1.76886e+10
23.0721 1.79981e+10
23.1702 1.83112e+10
23.2683 1.86279e+10
23.3664 1.89483e+10
23.4645 1.92723e+10
23.5626 1.96e+10
23.6607 1.99314e+10
23.7588 2.02665e+10
23.8569 2.06053e+10
23.955 2.09479e+10
24.0531 2.12942e+10
24.1512 2.16444e+10
24.2492 2.19984e+10
24.3473 2.23562e+10
24.4454 2.27179e+10
24.5435 2.30834e+10
24.6416 2.34529e+10
24.7397 2.38262e+10
24.8378 2.42035e+10
24.9359 2.45848e+10
25.034 2.49701e+10
25.1321 2.53593e+10
25.2302 2.57526e+10
25.3283 2.615e+10
25.4264 2.65514e+10
25.5245 2.69568e+10
25.6226 2.73664e+10
25.7207 2.77802e+10
25.8188 2.8198e+10
25.9169 2.86201e+10
26.015 2.90463e+10
26.1131 2.94767e+10
26.2112 2.99114e+10
26.3093 3.03503e+10
26.4074 3.07935e+10
26.5055 3.1241e+10
26.6036 3.16928e+10
26.7017 3.2149e+10
26.7998 3.26095e+10
26.8979 3.30743e+10
26.996 3.35436e+10
27.0941 3.40173e+10
27.1922 3.44954e+10
27.2903 3.4978e+10
27.3884 3.54651e+10
27.4865 3.59566e+10
27.5846 3.64527e+10
27.6827 3.69533e+10
27.7808 3.74585e+10
27.8789 3.79683e+10
27.977 3.84827e+10
28.0751 3.90017e+10
28.1732 3.95253e+10
28.2713 4.00537e+10
28.3694 4.05867e+10
28.4675 4.11244e+10
28.5656 4.16668e+10
28.6637 4.2214e+10
28.7618 4.27659e+10
28.8599 4.33227e+10
28.958 4.38843e+10
29.0561 4.44506e+10
29.1542 4.50219e+10
29.2523 4.5598e+10
29.3504 4.6179e+10
29.4484 4.67649e+10
29.5465 4.73558e+10
29.6446 4.79516e+10
29.7427 4.85524e+10
29.8408 4.91582e+10
29.9389 4.9769e+10
30.037 5.03848e+10
30.1351 5.10057e+10
30.2332 5.16317e+10
30.3313 5.22628e+10
30.4294 5.2899e+10
30.5275 5.35404e+10
30.6256 5.41869e+10
30.7237 5.48386e+10
30.8218 5.54955e+10
30.9199 5.61576e+10
31.018 5.6825e+10
31.1161 5.74976e+10
31.2142 5.81755e+10
31.3123 5.88588e+10
31.4104 5.95473e+10
31.5085 6.02412e+10
31.6066 6.09405e+10
31.7047 6.16452e+10
31.8028 6.23553e+10
31.9009 6.30708e+10
31.999 6.37918e+10
32.0971 6.45182e+10
32.1952 6.52501e+10
32.2933 6.59876e+10
32.3914 6.67306e+10
32.4895 6.74791e+10
32.5876 6.82332e+10
32.6857 6.89929e+10
32.7838 6.97583e+10
32.8819 7.05292e+10
32.98 7.13059e+10
33.0781 7.20882e+10
33.1762 7.28762e+10
33.2743 7.36699e+10
33.3724 7.44694e+10
33.4705 7.52747e+10
33.5686 7.60857e+10
33.6667 7.69025e+10
33.7648 7.77252e+10
33.8629 7.85537e+10
33.961 7.9388e+10
34.0591 8.02283e+10
34.1572 8.10744e+10
34.2553 8.19265e+10
34.3534 8.27846e+10
34.4515 8.36486e+10
34.5495 8.45186e+10
34.6476 8.53946e+10
34.7457 8.62766e+10
34.8438 8.71647e+10
34.9419 8.80589e+10
35.04 8.89592e+10
35.1381 8.98656e+10
35.2362 9.07781e+10
35.3343 9.16968e+10
35.4324 9.26216e+10
35.5305 9.35527e+10
35.6286 9.44899e+10
35.7267 9.54334e+10
35.8248 9.63832e+10
35.9229 9.73392e+10
36.021 9.83016e+10
36.1191 9.92703e+10
36.2172 1.00245e+11
36.3153 1.01227e+11
36.4134 1.02214e+11
36.5115 1.03209e+11
36.6096 1.04209e+11
36.7077 1.05216e+11
36.8058 1.0623e+11
36.9039 1.0725e+11
37.002 1.08276e+11
37.1001 1.09309e+11
37.1982 1.10349e+11
37.2963 1.11395e+11
37.3944 1.12448e+11
37.4925 1.13507e+11
37.5906 1.14573e+11
37.6887 1.15646e+11
37.7868 1.16725e+11
37.8849 1.17811e+11
37.983 1.18904e+11
38.0811 1.20003e+11
38.1792 1.21109e+11
38.2773 1.22222e+11
38.3754 1.23342e+11
38.4735 1.24469e+11
38.5716 1.25602e+11
38.6697 1.26742e+11
38.7678 1.2789e+11
38.8659 1.29044e+11
38.964 1.30205e+11
39.0621 1.31373e+11
39.1602 1.32548e+11
39.2583 1.3373e+11
39.3564 1.34918e+11
39.4545 1.36114e+11
39.5526 1.37317e+11
39.6507 1.38527e+11
39.7487 1.39745e+11
39.8468 1.40969e+11
39.9449 1.422e+11
40.043 1.43439e+11
40.1411 1.44684e+11
40.2392 1.45937e+11
40.3373 1.47197e+11
40.4354 1.48465e+11
40.5335 1.49739e+11
40.6316 1.51021e+11
40.7297 1.5231e+11
40.8278 1.53607e+11
40.9259 1.5491e+11
41.024 1.56222e+11
41.1221 1.5754e+11
41.2202 1.58866e+11
41.3183 1.60199e+11
41.4164 1.6154e+11
41.5145 1.62889e+11
41.6126 1.64244e+11
41.7107 1.65607e+11
41.8088 1.66978e+11
41.9069 1.68357e+11
42.005 1.69742e+11
42.1031 1.71136e+11
42.2012 1.72537e+11
42.2993 1.73946e+11
42.3974 1.75362e+11
42.4955 1.76786e+11
42.5936 1.78218e+11
42.6917 1.79657e+11
42.7898 1.81104e+11
42.8879 1.82559e+11
42.986 1.84022e+11
43.0841 1.85492e+11
43.1822 1.8697e+11
43.2803 1.88456e+11
43.3784 1.8995e+11
43.4765 1.91452e+11
43.5746 1.92962e+11
43.6727 1.94479e+11
43.7708 1.96005e+11
43.8689 1.97538e+11
43.967 1.9908e+11
44.0651 2.00629e+11
44.1632 2.02187e+11
44.2613 2.03752e+11
44.3594 2.05326e+11
44.4575 2.06908e+11
44.5556 2.08498e+11
44.6537 2.10095e+11
44.7518 2.11702e+11
44.8498 2.13316e+11
44.9479 2.14938e+11
45.046 2.16569e+11
45.1441 2.18208e+11
45.2422 2.19855e+11
45.3403 2.2151e+11
45.4384 2.23174e+11
45.5365 2.24846e+11
45.6346 2.26526e+11
45.7327 2.28215e+11
45.8308 2.29912e+11
45.9289 2.31617e+11
46.027 2.33331e+11
46.1251 2.35053e+11
46.2232 2.36784e+11
46.3213 2.38523e+11
46.4194 2.4027e+11
46.5175 2.42027e+11
46.6156 2.43791e+11
46.7137 2.45565e+11
46.8118 2.47346e+11
46.9099 2.49137e+11
47.008 2.50936e+11
47.1061 2.52744e+11
47.2042 2.5456e+11
47.3023 2.56385e+11
47.4004 2.58219e+11
47.4985 2.60061e+11
47.5966 2.61912e+11
47.6947 2.63772e+11
47.7928 2.65641e+11
47.8909 2.67519e+11
47.989 2.69405e+11
48.0871 2.713e+11
48.1852 2.73205e+11
48.2833 2.75118e+11
48.3814 2.77039e+11
48.4795 2.7897e+11
48.5776 2.8091e+11
48.6757 2.82859e+11
48.7738 2.84817e+11
48.8719 2.86783e+11
48.97 2.88759e+11
49.0681 2.90744e+11
49.1662 2.92738e+11
49.2643 2.94741e+11
49.3624 2.96753e+11
49.4605 2.98774e+11
49.5586 3.00805e+11
49.6567 3.02844e+11
49.7548 3.04893e+11
49.8529 3.06951e+11
49.951 3.09019e+11
50.049 3.11095e+11
50.1471 3.13181e+11
50.2452 3.15276e+11
50.3433 3.1738e+11
50.4414 3.19494e+11
50.5395 3.21617e+11
50.6376 3.2375e+11
50.7357 3.25892e+11
50.8338 3.28043e+11
50.9319 3.30204e+11
51.03 3.32374e+11
51.1281 3.34554e+11
51.2262 3.36743e+11
51.3243 3.38942e+11
51.4224 3.4115e+11
51.5205 3.43368e+11
51.6186 3.45596e+11
51.7167 3.47833e+11
51.8148 3.5008e+11
51.9129 3.52336e+11
52.011 3.54602e+11
52.1091 3.56878e+11
52.2072 3.59164e+11
52.3053 3.61459e+11
52.4034 3.63764e+11
52.5015 3.66079e+11
52.5996 3.68403e+11
52.6977 3.70738e+11
52.7958 3.73082e+11
52.8939 3.75436e+11
52.992 3.778e+11
53.0901 3.80174e+11
53.1882 3.82558e+11
53.2863 3.84951e+11
53.3844 3.87355e+11
53.4825 3.89769e+11
53.5806 3.92193e+11
53.6787 3.94626e+11
53.7768 3.9707e+11
53.8749 3.99524e+11
53.973 4.01988e+11
54.0711 4.04462e+11
54.1692 4.06946e+11
54.2673 4.09441e+11
54.3654 4.11945e+11
54.4635 4.1446e+11
54.5616 4.16985e+11
54.6597 4.1952e+11
54.7578 4.22065e+11
54.8559 4.24621e+11
54.954 4.27187e+11
55.0521 4.29763e+11
55.1502 4.3235e+11
55.2482 4.34947e+11
55.3463 4.37554e+11
55.4444 4.40172e+11
55.5425 4.428e+11
55.6406 4.45439e+11
55.7387 4.48088e+11
55.8368 4.50747e+11
55.9349 4.53417e+11
56.033 4.56098e+11
56.1311 4.58789e+11
56.2292 4.61491e+11
56.3273 4.64203e+11
56.4254 4.66926e+11
56.5235 4.69659e+11
56.6216 4.72404e+11
56.7197 4.75158e+11
56.8178 4.77924e+11
56.9159 4.807e+11
57.014 4.83487e+11
57.1121 4.86285e+11
57.2102 4.89093e+11
57.3083 4.91913e+11
57.4064 4.94743e+11
57.5045 4.97584e+11
57.6026 5.00435e+11
57.7007 5.03298e+11
57.7988 5.06172e+11
57.8969 5.09056e+11
57.995 5.11952e+11
58.0931 5.14858e+11
58.1912 5.17775e+11
58.2893 5.20704e+11
58.3874 5.23643e+11
58.4855 5.26593e+11
58.5836 5.29555e+11
58.6817 5.32527e+11
58.7798 5.35511e+11
58.8779 5.38506e+11
58.976 5.41512e+11
59.0741 5.44529e+11
59.1722 5.47557e+11
59.2703 5.50597e+11
59.3684 5.53647e+11
59.4665 5.56709e+11
59.5646 5.59783e+11
59.6627 5.62867e+11
59.7608 5.65963e+11
59.8589 5.6907e+11
59.957 5.72189e+11
60.0551 5.75318e+11
60.1532 5.7846e+11
60.2513 5.81612e+11
60.3493 5.84776e+11
60.4474 5.87952e+11
60.5455 5.91139e+11
60.6436 5.94338e+11
60.7417 5.97548e+11
60.8398 6.00769e+11
60.9379 6.04002e+11
61.036 6.07247e+11
61.1341 6.10504e+11
61.2322 6.13771e+11
61.3303 6.17051e+11
61.4284 6.20342e+11
61.5265 6.23645e+11
61.6246 6.2696e+11
61.7227 6.30286e+11
61.8208 6.33624e+11
61.9189 6.36974e+11
62.017 6.40336e+11
62.1151 6.43709e+11
62.2132 6.47095e+11
62.3113 6.50492e+11
62.4094 6.53901e+11
62.5075 6.57322e+11
62.6056 6.60755e+11
62.7037 6.64199e+11
62.8018 6.67656e+11
62.8999 6.71125e+11
62.998 6.74605e+11
63.0961 6.78098e+11
63.1942 6.81603e+11
63.2923 6.8512e+11
63.3904 6.88648e+11
63.4885 6.92189e+11
63.5866 6.95742e+11
63.6847 6.99308e+11
63.7828 7.02885e+11
63.8809 7.06475e+11
63.979 7.10076e+11
64.0771 7.1369e+11
64.1752 7.17316e+11
64.2733 7.20955e+11
64.3714 7.24606e+11
64.4695 7.28269e+11
64.5676 7.31944e+11
64.6657 7.35632e+11
64.7638 7.39332e+11
64.8619 7.43044e+11
64.96 7.46769e+11
65.0581 7.50506e+11
65.1562 7.54256e+11
65.2543 7.58018e+11
65.3524 7.61793e+11
65.4505 7.6558e+11
65.5485 7.6938e+11
65.6466 7.73192e+11
65.7447 7.77017e+11
65.8428 7.80855e+11
65.9409 7.84705e+11
66.039 7.88568e+11
66.1371 7.92443e+11
66.2352 7.96331e+11
66.3333 8.00232e+11
66.4314 8.04145e+11
66.5295 8.08071e+11
66.6276 8.1201e+11
66.7257 8.15962e+11
66.8238 8.19927e+11
66.9219 8.23904e+11
67.02 8.27894e+11
67.1181 8.31897e+11
67.2162 8.35913e+11
67.3143 8.39942e+11
67.4124 8.43984e+11
67.5105 8.48039e+11
67.6086 8.52106e+11
67.7067 8.56187e+11
67.8048 8.60281e+11
67.9029 8.64387e+11
68.001 8.68507e+11
68.0991 8.7264e+11
68.1972 8.76786e+11
68.2953 8.80945e+11
68.3934 8.85117e+11
68.4915 8.89302e+11
68.5896 8.93501e+11
68.6877 8.97713e+11
68.7858 9.01937e+11
68.8839 9.06176e+11
68.982 9.10427e+11
69.0801 9.14692e+11
69.1782 9.1897e+11
69.2763 9.23261e+11
69.3744 9.27565e+11
69.4725 9.31883e+11
69.5706 9.36215e+11
69.6687 9.4056e+11
69.7668 9.44918e+11
69.8649 9.49289e+11
69.963 9.53674e+11
70.0611 9.58073e+11
70.1592 9.62485e+11
70.2573 9.66911e+11
70.3554 9.7135e+11
70.4535 9.75802e+11
70.5516 9.80269e+11
70.6496 9.84749e+11
70.7477 9.89242e+11
70.8458 9.93749e+11
70.9439 9.9827e+11
71.042 1.0028e+12
71.1401 1.00735e+12
71.2382 1.01191e+12
71.3363 1.01649e+12
71.4344 1.02108e+12
71.5325 1.02568e+12
71.6306 1.0303e+12
71.7287 1.03493e+12
71.8268 1.03958e+12
71.9249 1.04423e+12
72.023 1.04891e+12
72.1211 1.05359e+12
72.2192 1.05829e+12
72.3173 1.06301e+12
72.4154 1.06774e+12
72.5135 1.07248e+12
72.6116 1.07724e+12
72.7097 1.08201e+12
72.8078 1.08679e+12
72.9059 1.09159e+12
73.004 1.0964e+12
73.1021 1.10123e+12
73.2002 1.10607e+12
73.2983 1.11093e+12
73.3964 1.11579e+12
73.4945 1.12068e+12
73.5926 1.12558e+12
73.6907 1.13049e+12
73.7888 1.13541e+12
73.8869 1.14035e+12
73.985 1.14531e+12
74.0831 1.15028e+12
74.1812 1.15526e+12
74.2793 1.16026e+12
74.3774 1.16527e+12
74.4755 1.1703e+12
74.5736 1.17534e+12
74.6717 1.1804e+12
74.7698 1.18547e+12
74.8679 1.19055e+12
74.966 1.19565e+12
75.0641 1.20076e+12
75.1622 1.20589e+12
75.2603 1.21103e+12
75.3584 1.21619e+12
75.4565 1.22136e+12
75.5546 1.22655e+12
75.6527 1.23175e+12
75.7508 1.23697e+12
75.8488 1.2422e+12
75.9469 1.24744e+12
76.045 1.2527e+12
76.1431 1.25798e+12
76.2412 1.26327e+12
76.3393 1.26857e+12
76.4374 1.27389e+12
76.5355 1.27923e+12
76.6336 1.28458e+12
76.7317 1.28994e+12
76.8298 1.29532e+12
76.9279 1.30071e+12
77.026 1.30612e+12
77.1241 1.31155e+12
77.2222 1.31698e+12
77.3203 1.32244e+12
77.4184 1.32791e+12
77.5165 1.33339e+12
77.6146 1.33889e+12
77.7127 1.3444e+12
77.8108 1.34993e+12
77.9089 1.35548e+12
78.007 1.36104e+12
78.1051 1.36661e+12
78.2032 1.3722e+12
78.3013 1.37781e+12
78.3994 1.38343e+12
78.4975 1.38906e+12
78.5956 1.39471e+12
78.6937 1.40038e+12
78.7918 1.40606e+12
78.8899 1.41176e+12
78.988 1.41747e+12
79.0861 1.4232e+12
79.1842 1.42894e+12
79.2823 1.4347e+12
79.3804 1.44047e+12
79.4785 1.44626e+12
79.5766 1.45207e+12
79.6747 1.45789e+12
79.7728 1.46372e+12
79.8709 1.46957e+12
79.969 1.47544e+12
80.0671 1.48132e+12
80.1652 1.48722e+12
80.2633 1.49314e+12
80.3614 1.49906e+12
80.4595 1.50501e+12
80.5576 1.51097e+12
80.6557 1.51695e+12
80.7538 1.52294e+12
80.8519 1.52895e+12
80.9499 1.53497e+12
81.048 1.54101e+12
81.1461 1.54707e+12
81.2442 1.55314e+12
81.3423 1.55923e+12
81.4404 1.56533e+12
81.5385 1.57145e+12
81.6366 1.57758e+12
81.7347 1.58373e+12
81.8328 1.5899e+12
81.9309 1.59608e+12
82.029 1.60228e+12
82.1271 1.6085e+12
82.2252 1.61473e+12
82.3233 1.62097e+12
82.4214 1.62724e+12
82.5195 1.63352e+12
82.6176 1.63981e+12
82.7157 1.64612e+12
82.8138 1.65245e+12
82.9119 1.65879e+12
83.01 1.66515e+12
83.1081 1.67153e+12
83.2062 1.67792e+12
83.3043 1.68433e+12
83.4024 1.69076e+12
83.5005 1.6972e+12
83.5986 1.70366e+12
83.6967 1.71013e+12
83.7948 1.71662e+12
83.8929 1.72313e+12
83.991 1.72965e+12
84.0891 1.73619e+12
84.1872 1.74275e+12
84.2853 1.74932e+12
84.3834 1.75591e+12
84.4815 1.76251e+12
84.5796 1.76914e+12
84.6777 1.77578e+12
84.7758 1.78243e+12
84.8739 1.7891e+12
84.972 1.79579e+12
85.0701 1.8025e+12
85.1682 1.80922e+12
85.2663 1.81596e+12
85.3644 1.82271e+12
85.4625 1.82949e+12
85.5606 1.83627e+12
85.6587 1.84308e+12
85.7568 1.8499e+12
85.8549 1.85674e+12
85.953 1.8636e+12
86.0511 1.87047e+12
86.1491 1.87736e+12
86.2472 1.88427e+12
86.3453 1.89119e+12
86.4434 1.89813e+12
86.5415 1.90509e+12
86.6396 1.91206e+12
86.7377 1.91906e+12
86.8358 1.92606e+12
86.9339 1.93309e+12
87.032 1.94013e+12
87.1301 1.94719e+12
87.2282 1.95427e+12
87.3263 1.96136e+12
87.4244 1.96847e+12
87.5225 1.9756e+12
87.6206 1.98275e+12
87.7187 1.98991e+12
87.8168 1.99709e+12
87.9149 2.00429e+12
88.013 2.0115e+12
88.1111 2.01873e+12
88.2092 2.02598e+12
88.3073 2.03325e+12
88.4054 2.04053e+12
88.5035 2.04783e+12
88.6016 2.05515e+12
88.6997 2.06249e+12
88.7978 2.06984e+12
88.8959 2.07721e+12
88.994 2.0846e+12
89.0921 2.09201e+12
89.1902 2.09943e+12
89.2883 2.10687e+12
89.3864 2.11433e+12
89.4845 2.12181e+12
89.5826 2.1293e+12
89.6807 2.13681e+12
89.7788 2.14434e+12
89.8769 2.15189e+12
89.975 2.15945e+12
90.0731 2.16703e+12
90.1712 2.17463e+12
90.2693 2.18225e+12
90.3674 2.18989e+12
90.4655 2.19754e+12
90.5636 2.20521e+12
90.6617 2.2129e+12
90.7598 2.2206e+12
90.8579 2.22833e+12
90.956 2.23607e+12
91.0541 2.24383e+12
91.1522 2.25161e+12
91.2503 2.2594e+12
91.3483 2.26722e+12
91.4464 2.27505e+12
91.5445 2.2829e+12
91.6426 2.29077e+12
91.7407 2.29865e+12
91.8388 2.30656e+12
91.9369 2.31448e+12
92.035 2.32242e+12
92.1331 2.33038e+12
92.2312 2.33836e+12
92.3293 2.34635e+12
92.4274 2.35436e+12
92.5255 2.3624e+12
92.6236 2.37045e+12
92.7217 2.37851e+12
92.8198 2.3866e+12
92.9179 2.3947e+12
93.016 2.40283e+12
93.1141 2.41097e+12
93.2122 2.41913e+12
93.3103 2.42731e+12
93.4084 2.4355e+12
93.5065 2.44372e+12
93.6046 2.45195e+12
93.7027 2.4602e+12
93.8008 2.46847e+12
93.8989 2.47676e+12
93.997 2.48507e+12
94.0951 2.49339e+12
94.1932 2.50174e+12
94.2913 2.5101e+12
94.3894 2.51848e+12
94.4875 2.52688e+12
94.5856 2.5353e+12
94.6837 2.54374e+12
94.7818 2.55219e+12
94.8799 2.56067e+12
94.978 2.56916e+12
95.0761 2.57767e+12
95.1742 2.58621e+12
95.2723 2.59476e+12
95.3704 2.60332e+12
95.4685 2.61191e+12
95.5666 2.62052e+12
95.6647 2.62914e+12
95.7628 2.63779e+12
95.8609 2.64645e+12
95.959 2.65513e+12
96.0571 2.66383e+12
96.1552 2.67255e+12
96.2533 2.68129e+12
96.3514 2.69005e+12
96.4494 2.69883e+12
96.5475 2.70762e+12
96.6456 2.71644e+12
96.7437 2.72527e+12
96.8418 2.73413e+12
96.9399 2.743e+12
97.038 2.75189e+12
97.1361 2.7608e+12
97.2342 2.76973e+12
97.3323 2.77868e+12
97.4304 2.78765e+12
97.5285 2.79664e+12
97.6266 2.80565e+12
97.7247 2.81468e+12
97.8228 2.82372e+12
97.9209 2.83279e+12
98.019 2.84187e+12
98.1171 2.85098e+12
98.2152 2.8601e+12
98.3133 2.86924e+12
98.4114 2.87841e+12
98.5095 2.88759e+12
98.6076 2.89679e+12
98.7057 2.90601e+12
98.8038 2.91525e+12
98.9019 2.92451e+12
99 2.93379e+12
