1 36.662
1.0991 36.9766
1.1982 37.2907
1.2973 37.6044
1.3964 37.9175
1.4955 38.23
1.59459 38.5418
1.69369 38.8528
1.79279 39.1629
1.89189 39.4722
1.99099 39.7804
2.09009 40.0876
2.18919 40.3937
2.28829 40.6986
2.38739 41.0022
2.48649 41.3045
2.58559 41.6053
2.68468 41.9047
2.78378 42.2026
2.88288 42.4988
2.98198 42.7934
3.08108 43.0862
3.18018 43.3771
3.27928 43.6662
3.37838 43.9533
3.47748 44.2383
3.57658 44.5213
3.67568 44.802
3.77477 45.0806
3.87387 45.3568
3.97297 45.6306
4.07207 45.9019
4.17117 46.1708
4.27027 46.437
4.36937 46.7005
4.46847 46.9614
4.56757 47.2194
4.66667 47.4745
4.76577 47.7267
4.86486 47.9758
4.96396 48.2219
5.06306 48.4648
5.16216 48.7044
5.26126 48.9408
5.36036 49.1738
5.45946 49.4033
5.55856 49.6294
5.65766 49.8518
5.75676 50.0706
5.85586 50.2857
5.95495 50.497
6.05405 50.7044
6.15315 50.9079
6.25225 51.1074
6.35135 51.3028
6.45045 51.4941
6.54955 51.6811
6.64865 51.8639
6.74775 52.0423
6.84685 52.2163
6.94595 52.3858
7.04505 52.5507
7.14414 52.711
7.24324 52.8666
7.34234 53.0174
7.44144 53.1634
7.54054 53.3044
7.63964 53.4405
7.73874 53.5715
7.83784 53.6973
7.93694 53.818
8.03604 53.9334
8.13514 54.0435
8.23423 54.1482
8.33333 54.2474
8.43243 54.341
8.53153 54.429
8.63063 54.5113
8.72973 54.5879
8.82883 54.6586
8.92793 54.7235
9.02703 54.7823
9.12613 54.8352
9.22523 54.8819
9.32432 54.9224
9.42342 54.9567
9.52252 54.9847
9.62162 55.0063
9.72072 55.0214
9.81982 55.03
9.91892 55.032
10.018 55.0273
10.1171 55.0158
10.2162 54.9976
10.3153 54.9725
10.4144 54.9404
10.5135 54.9013
10.6126 54.8551
10.7117 54.8017
10.8108 54.7411
10.9099 54.6732
11.009 54.598
11.1081 54.5153
11.2072 54.4253
11.3063 54.3281
11.4054 54.2238
11.5045 54.1125
11.6036 53.9943
11.7027 53.8693
11.8018 53.7377
11.9009 53.5996
12 53.4549
12.0991 53.304
12.1982 53.1468
12.2973 52.9835
12.3964 52.8142
12.4955 52.639
12.5946 52.4579
12.6937 52.2713
12.7928 52.079
12.8919 51.8813
12.991 51.6782
13.0901 51.4698
13.1892 51.2564
13.2883 51.0379
13.3874 50.8144
13.4865 50.5862
13.5856 50.3533
13.6847 50.1157
13.7838 49.8737
13.8829 49.6273
13.982 49.3767
14.0811 49.1219
14.1802 48.863
14.2793 48.6002
14.3784 48.3336
14.4775 48.0633
14.5766 47.7893
14.6757 47.5119
14.7748 47.231
14.8739 46.9469
14.973 46.6596
15.0721 46.3692
15.1712 46.0759
15.2703 45.7797
15.3694 45.4808
15.4685 45.1792
15.5676 44.8751
15.6667 44.5687
15.7658 44.2599
15.8649 43.9489
15.964 43.6358
16.0631 43.3208
16.1622 43.0039
16.2613 42.6852
16.3604 42.3649
16.4595 42.0431
16.5586 41.7198
16.6577 41.3952
16.7568 41.0694
16.8559 40.7425
16.955 40.4145
17.0541 40.0857
17.1532 39.7562
17.2523 39.4259
17.3514 39.0951
17.4505 38.7639
17.5495 38.4323
17.6486 38.1005
17.7477 37.7685
17.8468 37.4366
17.9459 37.1047
18.045 36.7731
18.1441 36.4418
18.2432 36.1108
18.3423 35.7805
18.4414 35.4507
18.5405 35.1217
18.6396 34.7936
18.7387 34.4664
18.8378 34.1404
18.9369 33.8155
19.036 33.4919
19.1351 33.1697
19.2342 32.849
19.3333 32.5299
19.4324 32.2126
19.5315 31.8971
19.6306 31.5836
19.7297 31.2721
19.8288 30.9628
19.9279 30.6558
20.027 30.3511
20.1261 30.049
20.2252 29.7494
20.3243 29.4526
20.4234 29.1586
20.5225 28.8675
20.6216 28.5795
20.7207 28.2946
20.8198 28.013
20.9189 27.7347
21.018 27.4599
21.1171 27.1887
21.2162 26.9212
21.3153 26.6575
21.4144 26.3977
21.5135 26.142
21.6126 25.8903
21.7117 25.6429
21.8108 25.3999
21.9099 25.1613
22.009 24.9273
22.1081 24.6979
22.2072 24.4732
22.3063 24.253
22.4054 24.0374
22.5045 23.8263
22.6036 23.6196
22.7027 23.4174
22.8018 23.2196
22.9009 23.0262
23 22.8371
23.0991 22.6522
23.1982 22.4716
23.2973 22.2952
23.3964 22.123
23.4955 21.9549
23.5946 21.7909
23.6937 21.6309
23.7928 21.475
23.8919 21.323
23.991 21.175
24.0901 21.0309
24.1892 20.8906
24.2883 20.7542
24.3874 20.6215
24.4865 20.4926
24.5856 20.3675
24.6847 20.2459
24.7838 20.128
24.8829 20.0137
24.982 19.903
25.0811 19.7958
25.1802 19.6921
25.2793 19.5918
25.3784 19.4949
25.4775 19.4014
25.5766 19.3112
25.6757 19.2243
25.7748 19.1406
25.8739 19.0602
25.973 18.9829
26.0721 18.9088
26.1712 18.8378
26.2703 18.7698
26.3694 18.7049
26.4685 18.6429
26.5676 18.5839
26.6667 18.5278
26.7658 18.4746
26.8649 18.4242
26.964 18.3766
27.0631 18.3318
27.1622 18.2897
27.2613 18.2502
27.3604 18.2134
27.4595 18.1792
27.5586 18.1476
27.6577 18.1185
27.7568 18.0919
27.8559 18.0677
27.955 18.046
28.0541 18.0266
28.1532 18.0096
28.2523 17.9949
28.3514 17.9824
28.4505 17.9722
28.5495 17.9641
28.6486 17.9582
28.7477 17.9544
28.8468 17.9526
28.9459 17.9529
29.045 17.9552
29.1441 17.9595
29.2432 17.9656
29.3423 17.9737
29.4414 17.9836
29.5405 17.9953
29.6396 18.0087
29.7387 18.0239
29.8378 18.0408
29.9369 18.0593
30.036 18.0794
30.1351 18.1011
30.2342 18.1244
30.3333 18.1491
30.4324 18.1753
30.5315 18.203
30.6306 18.232
30.7297 18.2623
30.8288 18.294
30.9279 18.327
31.027 18.3611
31.1261 18.3965
31.2252 18.433
31.3243 18.4706
31.4234 18.5094
31.5225 18.5491
31.6216 18.5899
31.7207 18.6316
31.8198 18.6743
31.9189 18.7178
32.018 18.7622
32.1171 18.8074
32.2162 18.8534
32.3153 18.9001
32.4144 18.9475
32.5135 18.9956
32.6126 19.0443
32.7117 19.0936
32.8108 19.1434
32.9099 19.1937
33.009 19.2445
33.1081 19.2958
33.2072 19.3474
33.3063 19.3995
33.4054 19.452
33.5045 19.5048
33.6036 19.558
33.7027 19.6116
33.8018 19.6655
33.9009 19.7198
34 19.7744
34.0991 19.8293
34.1982 19.8844
34.2973 19.9399
34.3964 19.9957
34.4955 20.0517
34.5946 20.1079
34.6937 20.1644
34.7928 20.2211
34.8919 20.278
34.991 20.3351
35.0901 20.3924
35.1892 20.4499
35.2883 20.5075
35.3874 20.5653
35.4865 20.6232
35.5856 20.6812
35.6847 20.7394
35.7838 20.7976
35.8829 20.8559
35.982 20.9143
36.0811 20.9728
36.1802 21.0313
36.2793 21.0898
36.3784 21.1484
36.4775 21.207
36.5766 21.2655
36.6757 21.3241
36.7748 21.3826
36.8739 21.4411
36.973 21.4995
37.0721 21.5579
37.1712 21.6162
37.2703 21.6744
37.3694 21.7325
37.4685 21.7905
37.5676 21.8484
37.6667 21.9061
37.7658 21.9637
37.8649 22.0211
37.964 22.0783
38.0631 22.1354
38.1622 22.1922
38.2613 22.2488
38.3604 22.3052
38.4595 22.3614
38.5586 22.4173
38.6577 22.473
38.7568 22.5283
38.8559 22.5834
38.955 22.6382
39.0541 22.6927
39.1532 22.7468
39.2523 22.8006
39.3514 22.8541
39.4505 22.9071
39.5495 22.9599
39.6486 23.0122
39.7477 23.0641
39.8468 23.1156
39.9459 23.1667
40.045 23.2174
40.1441 23.2676
40.2432 23.3173
40.3423 23.3666
40.4414 23.4153
40.5405 23.4636
40.6396 23.5114
40.7387 23.5586
40.8378 23.6053
40.9369 23.6514
41.036 23.697
41.1351 23.742
41.2342 23.7865
41.3333 23.8303
41.4324 23.8735
41.5315 23.9161
41.6306 23.958
41.7297 23.9993
41.8288 24.0399
41.9279 24.0799
42.027 24.1192
42.1261 24.1578
42.2252 24.1956
42.3243 24.2328
42.4234 24.2692
42.5225 24.3048
42.6216 24.3397
42.7207 24.3738
42.8198 24.4071
42.9189 24.4397
43.018 24.4714
43.1171 24.5023
43.2162 24.5323
43.3153 24.5616
43.4144 24.5899
43.5135 24.6174
43.6126 24.644
43.7117 24.6696
43.8108 24.6944
43.9099 24.7183
44.009 26.7058
44.1081 26.7813
44.2072 26.8568
44.3063 26.9324
44.4054 27.0079
44.5045 27.0835
44.6036 27.1592
44.7027 27.2349
44.8018 27.3106
44.9009 27.3864
45 27.4623
45.0991 27.5383
45.1982 27.6143
45.2973 27.6904
45.3964 27.7667
45.4955 27.843
45.5946 27.9194
45.6937 27.996
45.7928 28.0727
45.8919 28.1495
45.991 28.2264
46.0901 28.3035
46.1892 28.3808
46.2883 28.4582
46.3874 28.5357
46.4865 28.6135
46.5856 28.6914
46.6847 28.7695
46.7838 28.8478
46.8829 28.9263
46.982 29.005
47.0811 29.0839
47.1802 29.163
47.2793 29.2424
47.3784 29.322
47.4775 29.4018
47.5766 29.4819
47.6757 29.5622
47.7748 29.6428
47.8739 29.7237
47.973 29.8048
48.0721 29.8862
48.1712 29.968
48.2703 30.05
48.3694 30.1323
48.4685 30.2149
48.5676 30.2978
48.6667 30.381
48.7658 30.4646
48.8649 30.5485
48.964 30.6328
49.0631 30.7174
49.1622 30.8024
49.2613 30.8877
49.3604 30.9734
49.4595 31.0595
49.5586 31.1459
49.6577 31.2328
49.7568 31.32
49.8559 31.4077
49.955 31.4957
50.0541 31.5842
50.1532 31.6731
50.2523 31.7625
50.3514 31.8522
50.4505 31.9425
50.5495 32.0331
50.6486 32.1243
50.7477 32.2159
50.8468 32.308
50.9459 32.4005
51.045 32.4935
51.1441 32.5871
51.2432 32.6811
51.3423 32.7756
51.4414 32.8707
51.5405 32.9663
51.6396 33.0624
51.7387 33.159
51.8378 33.2562
51.9369 33.3539
52.036 33.4522
52.1351 33.551
52.2342 33.6505
52.3333 33.7504
52.4324 33.851
52.5315 33.9522
52.6306 34.0539
52.7297 34.1563
52.8288 34.2592
52.9279 34.3628
53.027 34.467
53.1261 34.5719
53.2252 34.6774
53.3243 34.7835
53.4234 34.8902
53.5225 34.9977
53.6216 35.1058
53.7207 35.2145
53.8198 35.324
53.9189 35.4341
54.018 35.5449
54.1171 35.6564
54.2162 35.7686
54.3153 35.8816
54.4144 35.9952
54.5135 36.1096
54.6126 36.2247
54.7117 36.3406
54.8108 36.4572
54.9099 36.5745
55.009 30.2859
55.1081 30.2302
55.2072 30.1722
55.3063 30.1119
55.4054 30.0493
55.5045 29.9845
55.6036 29.9174
55.7027 29.8481
55.8018 29.7767
55.9009 29.7031
56 29.6273
56.0991 29.5494
56.1982 29.4694
56.2973 29.3874
56.3964 29.3033
56.4955 29.2171
56.5946 29.129
56.6937 29.0389
56.7928 28.9468
56.8919 28.8528
56.991 28.7568
57.0901 28.659
57.1892 28.5593
57.2883 28.4577
57.3874 28.3544
57.4865 28.2492
57.5856 28.1422
57.6847 28.0335
57.7838 27.9231
57.8829 27.8109
57.982 27.6971
58.0811 27.5815
58.1802 27.4644
58.2793 27.3456
58.3784 27.2252
58.4775 27.1032
58.5766 26.9797
58.6757 26.8546
58.7748 26.7281
58.8739 26.6
58.973 26.4705
59.0721 26.3395
59.1712 26.2071
59.2703 26.0734
59.3694 25.9382
59.4685 25.8017
59.5676 25.6639
59.6667 25.5247
59.7658 25.3843
59.8649 25.2426
59.964 25.0997
60.0631 24.9555
60.1622 24.8102
60.2613 24.6636
60.3604 24.516
60.4595 24.3672
60.5586 24.2173
60.6577 24.0663
60.7568 23.9143
60.8559 23.7612
60.955 23.6071
61.0541 23.452
61.1532 23.2959
61.2523 23.1389
61.3514 22.981
61.4505 22.8222
61.5495 22.6625
61.6486 22.5019
61.7477 22.3405
61.8468 22.1783
61.9459 22.0153
62.045 21.8515
62.1441 21.687
62.2432 21.5218
62.3423 21.3559
62.4414 21.1893
62.5405 21.022
62.6396 20.8541
62.7387 20.6856
62.8378 20.5165
62.9369 20.3468
63.036 20.1766
63.1351 20.0059
63.2342 19.8347
63.3333 19.663
63.4324 19.4909
63.5315 19.3183
63.6306 19.1454
63.7297 18.972
63.8288 18.7983
63.9279 18.6242
64.027 18.4499
64.1261 18.2752
64.2252 18.1003
64.3243 17.9251
64.4234 17.7497
64.5225 17.574
64.6216 17.3982
64.7207 17.2223
64.8198 17.0462
64.9189 16.87
65.018 16.6937
65.1171 16.5173
65.2162 16.3409
65.3153 16.1645
65.4144 15.988
65.5135 15.8116
65.6126 15.6353
65.7117 15.459
65.8108 15.2827
65.9099 15.1066
66.009 25.5802
66.1081 25.6945
66.2072 25.8144
66.3063 25.9398
66.4054 26.0709
66.5045 26.2078
66.6036 26.3506
66.7027 26.4994
66.8018 26.6544
66.9009 26.8157
67 26.9833
67.0991 27.1574
67.1982 27.3381
67.2973 27.5256
67.3964 27.7198
67.4955 27.9211
67.5946 28.1294
67.6937 28.3449
67.7928 28.5677
67.8919 28.7979
67.991 29.0356
68.0901 29.281
68.1892 29.5341
68.2883 29.7951
68.3874 30.0641
68.4865 30.3413
68.5856 30.6266
68.6847 30.9203
68.7838 31.2224
68.8829 31.5331
68.982 31.8525
69.0811 32.1807
69.1802 32.5178
69.2793 32.8639
69.3784 33.2192
69.4775 33.5837
69.5766 33.9576
69.6757 34.341
69.7748 34.734
69.8739 35.1367
69.973 35.5493
70.0721 35.9718
70.1712 36.4044
70.2703 36.8472
70.3694 37.3002
70.4685 37.7637
70.5676 38.2377
70.6667 38.7224
70.7658 39.2178
70.8649 39.7241
70.964 40.2414
71.0631 40.7698
71.1622 41.3094
71.2613 41.8603
71.3604 42.4228
71.4595 42.9967
71.5586 43.5824
71.6577 44.1798
71.7568 44.7892
71.8559 45.4106
71.955 46.0441
72.0541 46.6899
72.1532 47.3481
72.2523 48.0188
72.3514 48.7021
72.4505 49.398
72.5495 50.1069
72.6486 50.8287
72.7477 51.5635
72.8468 52.3115
72.9459 53.0729
73.045 53.8476
73.1441 54.6359
73.2432 55.4378
73.3423 56.2535
73.4414 57.0831
73.5405 57.9266
73.6396 58.7842
73.7387 59.6561
73.8378 60.5423
73.9369 61.443
74.036 62.3582
74.1351 63.2881
74.2342 64.2328
74.3333 65.1924
74.4324 66.1671
74.5315 67.1569
74.6306 68.1619
74.7297 69.1824
74.8288 70.2183
74.9279 71.2698
75.027 72.337
75.1261 73.4201
75.2252 74.5192
75.3243 75.6343
75.4234 76.7655
75.5225 77.9131
75.6216 79.0771
75.7207 80.2576
75.8198 81.4548
75.9189 82.6687
76.018 83.8995
76.1171 85.1473
76.2162 86.4122
76.3153 87.6943
76.4144 88.9937
76.5135 90.3106
76.6126 91.6451
76.7117 92.9972
76.8108 94.3672
76.9099 95.755
77.009 52.8589
77.1081 53.0758
77.2072 53.2891
77.3063 53.499
77.4054 53.7052
77.5045 53.9078
77.6036 54.1066
77.7027 54.3016
77.8018 54.4927
77.9009 54.6798
78 54.8629
78.0991 55.0419
78.1982 55.2167
78.2973 55.3872
78.3964 55.5534
78.4955 55.7152
78.5946 55.8726
78.6937 56.0254
78.7928 56.1736
78.8919 56.3171
78.991 56.4559
79.0901 56.5898
79.1892 56.7189
79.2883 56.843
79.3874 56.962
79.4865 57.0759
79.5856 57.1847
79.6847 57.2882
79.7838 57.3864
79.8829 57.4791
79.982 57.5664
80.0811 57.6482
80.1802 57.7243
80.2793 57.7948
80.3784 57.8595
80.4775 57.9184
80.5766 57.9714
80.6757 58.0184
80.7748 58.0594
80.8739 58.0943
80.973 58.123
81.0721 58.1454
81.1712 58.1615
81.2703 58.1712
81.3694 58.1745
81.4685 58.1712
81.5676 58.1613
81.6667 58.1447
81.7658 58.1213
81.8649 58.0911
81.964 58.0541
82.0631 58.01
82.1622 57.9589
82.2613 57.9007
82.3604 57.8353
82.4595 57.7627
82.5586 57.6827
82.6577 57.5954
82.7568 57.5005
82.8559 57.3981
82.955 57.2881
83.0541 57.1705
83.1532 57.045
83.2523 56.9118
83.3514 56.7706
83.4505 56.6215
83.5495 56.4643
83.6486 56.299
83.7477 56.1255
83.8468 55.9438
83.9459 55.7537
84.045 55.5553
84.1441 55.3484
84.2432 55.1329
84.3423 54.9088
84.4414 54.676
84.5405 54.4345
84.6396 54.1841
84.7387 53.9249
84.8378 53.6566
84.9369 53.3793
85.036 53.093
85.1351 52.7974
85.2342 52.4925
85.3333 52.1784
85.4324 51.8548
85.5315 51.5218
85.6306 51.1792
85.7297 50.827
85.8288 50.4651
85.9279 50.0934
86.027 49.712
86.1261 49.3206
86.2252 48.9192
86.3243 48.5079
86.4234 48.0863
86.5225 47.6546
86.6216 47.2127
86.7207 46.7604
86.8198 46.2977
86.9189 45.8245
87.018 45.3408
87.1171 44.8465
87.2162 44.3415
87.3153 43.8257
87.4144 43.2991
87.5135 42.7616
87.6126 42.2131
87.7117 41.6536
87.8108 41.083
87.9099 40.5011
88.009 53.6916
88.1081 53.4627
88.2072 53.2292
88.3063 52.9911
88.4054 52.7483
88.5045 52.5008
88.6036 52.2487
88.7027 51.9918
88.8018 51.7303
88.9009 51.464
89 51.193
89.0991 50.9172
89.1982 50.6367
89.2973 50.3514
89.3964 50.0614
89.4955 49.7665
89.5946 49.4669
89.6937 49.1624
89.7928 48.8532
89.8919 48.5391
89.991 48.2201
90.0901 47.8963
90.1892 47.5677
90.2883 47.2341
90.3874 46.8957
90.4865 46.5524
90.5856 46.2042
90.6847 45.851
90.7838 45.4929
90.8829 45.1299
90.982 44.7619
91.0811 44.389
91.1802 44.011
91.2793 43.6281
91.3784 43.2402
91.4775 42.8473
91.5766 42.4493
91.6757 42.0464
91.7748 41.6383
91.8739 41.2253
91.973 40.8071
92.0721 40.3839
92.1712 39.9556
92.2703 39.5222
92.3694 39.0836
92.4685 38.64
92.5676 38.1912
92.6667 37.7373
92.7658 37.2782
92.8649 36.814
92.964 36.3445
93.0631 35.8699
93.1622 35.3901
93.2613 34.9051
93.3604 34.4148
93.4595 33.9194
93.5586 33.4186
93.6577 32.9126
93.7568 32.4014
93.8559 31.8849
93.955 31.363
94.0541 30.8359
94.1532 30.3035
94.2523 29.7657
94.3514 29.2226
94.4505 28.6742
94.5495 28.1204
94.6486 27.5612
94.7477 26.9967
94.8468 26.4267
94.9459 25.8514
95.045 25.2707
95.1441 24.6845
95.2432 24.0929
95.3423 23.4958
95.4414 22.8933
95.5405 22.2853
95.6396 21.6718
95.7387 21.0529
95.8378 20.4284
95.9369 19.7985
96.036 19.163
96.1351 18.5219
96.2342 17.8753
96.3333 17.2232
96.4324 16.5655
96.5315 15.9022
96.6306 15.2333
96.7297 14.5588
96.8288 13.8787
96.9279 13.193
97.027 12.5017
97.1261 11.8047
97.2252 11.102
97.3243 10.3937
97.4234 9.67963
97.5225 8.95992
97.6216 8.2345
97.7207 7.50337
97.8198 6.76652
97.9189 6.02392
98.018 5.27558
98.1171 4.52148
98.2162 3.7616
98.3153 2.99595
98.4144 2.2245
98.5135 1.44725
98.6126 0.664178
98.7117 -0.124717
98.8108 -0.919451
98.9099 -1.72003
99.009 16.912
99.1081 16.6293
99.2072 16.3504
99.3063 16.0751
99.4054 15.8036
99.5045 15.536
99.6036 15.2724
99.7027 15.0128
99.8018 14.7573
99.9009 14.5059
100 14.2588
