0.2 -0.831203
0.209419 -0.89483
0.218838 -0.960941
0.228257 -1.02946
0.237675 -1.1003
0.247094 -1.17338
0.256513 -1.24863
0.265932 -1.32597
0.275351 -1.40532
0.28477 -1.4866
0.294188 -1.56972
0.303607 -1.65462
0.313026 -1.74121
0.322445 -1.8294
0.331864 -1.91913
0.341283 -2.01032
0.350701 -2.10287
0.36012 -2.19672
0.369539 -2.29179
0.378958 -2.38799
0.388377 -2.48525
0.397796 -2.58348
0.407214 -2.68261
0.416633 -2.78256
0.426052 -2.88325
0.435471 -2.9846
0.44489 -3.08653
0.454309 -3.18897
0.463727 -3.29182
0.473146 -3.39502
0.482565 -3.49848
0.491984 -3.60212
0.501403 -3.70587
0.510822 -3.80964
0.52024 -3.91336
0.529659 -4.01695
0.539078 -4.12033
0.548497 -4.22341
0.557916 -4.32612
0.567335 -4.42839
0.576754 -4.53012
0.586172 -4.63124
0.595591 -4.73168
0.60501 -4.83135
0.614429 -4.93017
0.623848 -5.02807
0.633267 -5.12496
0.642685 -5.22076
0.652104 -5.31541
0.661523 -5.40881
0.670942 -5.50088
0.680361 -5.59156
0.68978 -5.68075
0.699198 -5.76838
0.708617 -5.85438
0.718036 -5.93865
0.727455 -6.02113
0.736874 -6.10177
0.746293 -6.18057
0.755711 -6.25752
0.76513 -6.3326
0.774549 -6.40582
0.783968 -6.47717
0.793387 -6.54663
0.802806 -6.6142
0.812224 -6.67988
0.821643 -6.74365
0.831062 -6.80551
0.840481 -6.86545
0.8499 -6.92347
0.859319 -6.97955
0.868737 -7.03369
0.878156 -7.08589
0.887575 -7.13613
0.896994 -7.1844
0.906413 -7.23071
0.915832 -7.27503
0.925251 -7.31738
0.934669 -7.35773
0.944088 -7.39607
0.953507 -7.43242
0.962926 -7.46675
0.972345 -7.49905
0.981764 -7.52933
0.991182 -7.55757
1.0006 -7.58376
1.01002 -7.60791
1.01944 -7.62999
1.02886 -7.65001
1.03828 -7.66796
1.0477 -7.68382
1.05711 -7.6976
1.06653 -7.70928
1.07595 -7.71886
1.08537 -7.72632
1.09479 -7.73167
1.10421 -7.73489
1.11363 -7.73599
1.12305 -7.73494
1.13246 -7.73174
1.14188 -7.72639
1.1513 -7.71888
1.16072 -7.70919
1.17014 -7.69733
1.17956 -7.68329
1.18898 -7.66705
1.1984 -7.64862
1.20782 -7.62798
1.21723 -7.60512
1.22665 -7.58005
1.23607 -7.55274
1.24549 -7.5232
1.25491 -7.49148
1.26433 -7.45779
1.27375 -7.42239
1.28317 -7.38554
1.29259 -7.34748
1.302 -7.30847
1.31142 -7.26876
1.32084 -7.2286
1.33026 -7.18825
1.33968 -7.14795
1.3491 -7.10796
1.35852 -7.06853
1.36794 -7.02992
1.37735 -6.99238
1.38677 -6.95615
1.39619 -6.92149
1.40561 -6.88866
1.41503 -6.85791
1.42445 -6.82948
1.43387 -6.80363
1.44329 -6.78062
1.45271 -6.76069
1.46212 -6.7441
1.47154 -6.73111
1.48096 -6.72195
1.49038 -6.71689
1.4998 -6.71617
1.50922 -6.72006
1.51864 -6.7288
1.52806 -6.74264
1.53747 -6.76184
1.54689 -6.78665
1.55631 -6.81732
1.56573 -6.85411
1.57515 -6.89726
1.58457 -6.94703
1.59399 -7.00367
1.60341 -7.06744
1.61283 -7.13858
1.62224 -7.21735
1.63166 -7.30401
1.64108 -7.39879
1.6505 -7.50196
1.65992 -7.61377
1.66934 -7.73447
1.67876 -7.86431
1.68818 -8.00355
1.6976 -8.15243
1.70701 -8.31121
1.71643 -8.48015
1.72585 -8.65949
1.73527 -8.84949
1.74469 -9.0504
1.75411 -9.26247
1.76353 -9.48595
1.77295 -9.72106
1.78236 -9.96752
1.79178 -10.2248
1.8012 -10.4922
1.81062 -10.7692
1.82004 -11.0552
1.82946 -11.3497
1.83888 -11.652
1.8483 -11.9615
1.85772 -12.2777
1.86713 -12.6
1.87655 -12.9278
1.88597 -13.2604
1.89539 -13.5974
1.90481 -13.9381
1.91423 -14.282
1.92365 -14.6284
1.93307 -14.9768
1.94248 -15.3265
1.9519 -15.6771
1.96132 -16.0278
1.97074 -16.3782
1.98016 -16.7276
1.98958 -17.0755
1.999 -17.4212
2.00842 -17.7641
2.01784 -18.1038
2.02725 -18.4395
2.03667 -18.7708
2.04609 -19.097
2.05551 -19.4175
2.06493 -19.7318
2.07435 -20.0392
2.08377 -20.3392
2.09319 -20.6312
2.10261 -20.9146
2.11202 -21.1888
2.12144 -21.4532
2.13086 -21.7073
2.14028 -21.9504
2.1497 -22.182
2.15912 -22.4015
2.16854 -22.6082
2.17796 -22.8017
2.18737 -22.9812
2.19679 -23.1463
2.20621 -23.2964
2.21563 -23.4308
2.22505 -23.5489
2.23447 -23.6503
2.24389 -23.7342
2.25331 -23.8002
2.26273 -23.8476
2.27214 -23.8758
2.28156 -23.8842
2.29098 -23.8723
2.3004 -23.8399
2.30982 -23.7876
2.31924 -23.7161
2.32866 -23.6261
2.33808 -23.5185
2.34749 -23.3939
2.35691 -23.253
2.36633 -23.0966
2.37575 -22.9255
2.38517 -22.7402
2.39459 -22.5417
2.40401 -22.3306
2.41343 -22.1076
2.42285 -21.8735
2.43226 -21.629
2.44168 -21.3749
2.4511 -21.1118
2.46052 -20.8405
2.46994 -20.5618
2.47936 -20.2763
2.48878 -19.9848
2.4982 -19.6881
2.50762 -19.3868
2.51703 -19.0817
2.52645 -18.7735
2.53587 -18.463
2.54529 -18.1508
2.55471 -17.8378
2.56413 -17.5247
2.57355 -17.2121
2.58297 -16.9008
2.59238 -16.5916
2.6018 -16.2851
2.61122 -15.9822
2.62064 -15.6835
2.63006 -15.3898
2.63948 -15.1018
2.6489 -14.8202
2.65832 -14.5458
2.66774 -14.2792
2.67715 -14.0214
2.68657 -13.7728
2.69599 -13.5344
2.70541 -13.3068
2.71483 -13.0907
2.72425 -12.887
2.73367 -12.6962
2.74309 -12.5192
2.75251 -12.3567
2.76192 -12.2094
2.77134 -12.078
2.78076 -11.9634
2.79018 -11.8661
2.7996 -11.787
2.80902 -11.7267
2.81844 -11.686
2.82786 -11.6646
2.83727 -11.6621
2.84669 -11.6778
2.85611 -11.7114
2.86553 -11.7623
2.87495 -11.8299
2.88437 -11.9138
2.89379 -12.0134
2.90321 -12.1282
2.91263 -12.2577
2.92204 -12.4014
2.93146 -12.5587
2.94088 -12.7292
2.9503 -12.9122
2.95972 -13.1073
2.96914 -13.3141
2.97856 -13.5318
2.98798 -13.7601
2.99739 -13.9984
3.00681 -14.2462
3.01623 -14.5029
3.02565 -14.7682
3.03507 -15.0413
3.04449 -15.3219
3.05391 -15.6093
3.06333 -15.9031
3.07275 -16.2028
3.08216 -16.5078
3.09158 -16.8176
3.101 -17.1318
3.11042 -17.4496
3.11984 -17.7708
3.12926 -18.0947
3.13868 -18.4208
3.1481 -18.7486
3.15752 -19.0776
3.16693 -19.4072
3.17635 -19.737
3.18577 -20.0664
3.19519 -20.3949
3.20461 -20.7219
3.21403 -21.0471
3.22345 -21.3697
3.23287 -21.6894
3.24228 -22.0056
3.2517 -22.3178
3.26112 -22.6254
3.27054 -22.928
3.27996 -23.225
3.28938 -23.5159
3.2988 -23.8002
3.30822 -24.0774
3.31764 -24.3469
3.32705 -24.6082
3.33647 -24.8608
3.34589 -25.1045
3.35531 -25.3392
3.36473 -25.5652
3.37415 -25.7824
3.38357 -25.991
3.39299 -26.1911
3.4024 -26.3827
3.41182 -26.5661
3.42124 -26.7412
3.43066 -26.9082
3.44008 -27.0672
3.4495 -27.2182
3.45892 -27.3614
3.46834 -27.4969
3.47776 -27.6247
3.48717 -27.7451
3.49659 -27.8579
3.50601 -27.9634
3.51543 -28.0617
3.52485 -28.1529
3.53427 -28.237
3.54369 -28.3141
3.55311 -28.3844
3.56253 -28.448
3.57194 -28.5049
3.58136 -28.5552
3.59078 -28.5991
3.6002 -28.6366
3.60962 -28.6679
3.61904 -28.693
3.62846 -28.712
3.63788 -28.7251
3.64729 -28.7323
3.65671 -28.7337
3.66613 -28.7294
3.67555 -28.7196
3.68497 -28.7043
3.69439 -28.6837
3.70381 -28.6577
3.71323 -28.6266
3.72265 -28.5904
3.73206 -28.5491
3.74148 -28.5031
3.7509 -28.4522
3.76032 -28.3966
3.76974 -28.3364
3.77916 -28.2718
3.78858 -28.2027
3.798 -28.1294
3.80741 -28.0518
3.81683 -27.9702
3.82625 -27.8845
3.83567 -27.7949
3.84509 -27.7016
3.85451 -27.6045
3.86393 -27.5038
3.87335 -27.3999
3.88277 -27.2932
3.89218 -27.1842
3.9016 -27.0731
3.91102 -26.9606
3.92044 -26.8469
3.92986 -26.7326
3.93928 -26.6179
3.9487 -26.5035
3.95812 -26.3896
3.96754 -26.2767
3.97695 -26.1652
3.98637 -26.0556
3.99579 -25.9483
4.00521 -25.8436
4.01463 -25.7421
4.02405 -25.6441
4.03347 -25.5501
4.04289 -25.4604
4.0523 -25.3756
4.06172 -25.2959
4.07114 -25.222
4.08056 -25.1541
4.08998 -25.0927
4.0994 -25.0382
4.10882 -24.9911
4.11824 -24.9518
4.12766 -24.9206
4.13707 -24.898
4.14649 -24.8845
4.15591 -24.8804
4.16533 -24.8862
4.17475 -24.9024
4.18417 -24.9292
4.19359 -24.9672
4.20301 -25.0167
4.21242 -25.0783
4.22184 -25.1523
4.23126 -25.2391
4.24068 -25.3391
4.2501 -25.4529
4.25952 -25.5807
4.26894 -25.7231
4.27836 -25.8805
4.28778 -26.0532
4.29719 -26.2417
4.30661 -26.4464
4.31603 -26.6678
4.32545 -26.9063
4.33487 -27.1622
4.34429 -27.436
4.35371 -27.7282
4.36313 -28.0391
4.37255 -28.3693
4.38196 -28.719
4.39138 -29.088
4.4008 -29.4753
4.41022 -29.8799
4.41964 -30.3008
4.42906 -30.7368
4.43848 -31.1869
4.4479 -31.65
4.45731 -32.1252
4.46673 -32.6113
4.47615 -33.1073
4.48557 -33.6122
4.49499 -34.1249
4.50441 -34.6443
4.51383 -35.1694
4.52325 -35.6992
4.53267 -36.2326
4.54208 -36.7685
4.5515 -37.3059
4.56092 -37.8437
4.57034 -38.3809
4.57976 -38.9165
4.58918 -39.4493
4.5986 -39.9784
4.60802 -40.5027
4.61743 -41.0211
4.62685 -41.5325
4.63627 -42.036
4.64569 -42.5304
4.65511 -43.0148
4.66453 -43.4881
4.67395 -43.9491
4.68337 -44.397
4.69279 -44.8305
4.7022 -45.2487
4.71162 -45.6505
4.72104 -46.0349
4.73046 -46.4008
4.73988 -46.7471
4.7493 -47.0728
4.75872 -47.3769
4.76814 -47.6583
4.77756 -47.916
4.78697 -48.1488
4.79639 -48.3558
4.80581 -48.5358
4.81523 -48.688
4.82465 -48.8111
4.83407 -48.9041
4.84349 -48.966
4.85291 -48.9958
4.86232 -48.9923
4.87174 -48.9546
4.88116 -48.8815
4.89058 -48.7721
4.9 -48.6253
