30
5 7321.46 0 0 -858.69
5.03448 6462.77 0 0 208.68
5.06897 6671.45 0 0 127.69
5.10345 6799.14 0 0 879.6
5.13793 7678.74 0 0 -411.71
5.17241 7267.03 0 0 882.55
5.2069 8149.58 0 0 776.29
5.24138 8925.87 0 0 -1147.86
5.27586 7778.01 0 0 173.55
5.31034 7951.56 0 0 298.08
5.34483 8249.64 0 0 1248.23
5.37931 9497.87 0 0 290.29
5.41379 9788.16 0 0 -690.33
5.44828 9097.83 0 0 533.08
5.48276 9630.91 0 0 -95.08
5.51724 9535.83 0 0 287.64
5.55172 9823.47 0 0 786.03
5.58621 10609.5 0 0 -582.7
5.62069 10026.8 0 0 1133.9
5.65517 11160.7 0 0 907.9
5.68966 12068.6 0 0 -986.3
5.72414 11082.3 0 0 -47.7
5.75862 11034.6 0 0 360.9
5.7931 11395.5 0 0 1920.6
5.82759 13316.1 0 0 593.8
5.86207 13909.9 0 0 -835.3
5.89655 13074.6 0 0 -373.1
5.93103 12701.5 0 0 573.1
5.96552 13274.6 -453.5 0 0
6 12821.1 -453.5 0 0
